[68556707,[0,1,1,-87,478],-1]
[453212413,[0,1,1,-448,-3657],1]
[471168109,[1,0,1,-159,1283],-1]
[31222843,[0,-1,1,-17368,-875230],-1]
[513762817,[1,1,0,-525,4288],1]
[27845641,[1,-1,1,-22,262],-1]
[945260783,[1,-1,1,-192,-1750],-1]
[277763309,[1,-1,0,122,-643],-1]
[821759317,[0,1,1,-1113,-14603],1]
[347903947,[0,-1,1,-52,-892],-1]
[94648409,[1,-1,1,-127,318],1]
[154327807,[1,-1,1,20,-602],-1]
[115758989,[0,0,1,-551,4951],1]
[65573117,[0,0,1,-371,-2723],1]
[937977779,[0,-1,1,-68786,6966795],-1]
[754856189,[0,0,1,-1601,24621],1]
[648917371,[0,-1,1,-237,1945],-1]
[773755669,[1,0,0,134,1209],-1]
[864593173,[0,0,1,-21394,-1204442],1]
[203497831,[1,1,1,-57,-730],-1]
[664650319,[1,1,0,-124873,16932504],-1]
[748650737,[1,1,1,-1073,-14040],-1]
[625009499,[0,-1,1,204,-510],-1]
[341413003,[1,0,1,-1401,20037],1]
[651883523,[0,1,1,216,223],-1]
[393303497,[1,1,1,-102,-1076],-1]
[535870187,[0,0,1,2,-1114],-1]
[51445567,[1,-1,0,-86,-441],-1]
[727729073,[1,-1,1,-424,-2990],1]
[298233029,[0,-1,1,-735,-7385],1]
[547364287,[1,0,1,-281,-1439],1]
[165141499,[1,0,1,-327035,71957167],1]
[340787719,[1,-1,1,-271,1998],-1]
[259304483,[0,-1,1,101,-704],-1]
[406630853,[0,-1,1,-203,619],1]
[433299869,[0,-1,1,-17924,929635],1]
[400384513,[1,-1,1,-1435,-20580],-1]
[297346363,[1,1,1,-115,-1004],-1]
[336738569,[1,0,0,-1501,-22526],-1]
[644564413,[0,0,1,-1105,14085],1]
[89442611,[0,0,1,-22,-457],-1]
[911881549,[1,1,0,-369,-3250],-1]
[565680229,[1,1,0,-1497,21652],1]
[261404863,[1,0,0,-240,-1649],-1]
[153132047,[1,1,0,6,-593],-1]
[452658197,[0,-1,1,-193,215],1]
[5736547,[1,0,0,-79,238],1]
[43981481,[1,0,1,-306745,-65415863],-1]
[288455317,[0,-1,1,-249,1359],1]
[359377597,[0,0,1,-190,429],1]
[214064497,[1,1,0,150,89],-1]
[506910629,[0,-1,1,-730,-7276],1]
[609063269,[0,-1,1,-312,-1658],1]
[481523437,[0,1,1,-1364,18913],1]
[116449591,[1,0,1,-660,-6595],-1]
[789584473,[1,1,1,230,256],-1]
[922200407,[1,1,0,-155,1576],-1]
[602461,[1,0,0,-202,1089],-1]
[296853061,[0,1,1,-807,8521],1]
[716563147,[0,1,1,-262,1994],-1]
[209307803,[0,1,1,31,703],-1]
[277837229,[1,1,0,121,670],-1]
[467149043,[0,-1,1,162,-729],-1]
[639073693,[1,-1,0,-134,1389],-1]
[43943,[1,1,0,-15,-32],-1]
[297169973,[0,1,1,-202,-802],1]
[916597907,[0,0,1,242,-149],-1]
[726453089,[1,-1,1,-4068,100880],-1]
[338794483,[1,1,0,-5162,-144925],-1]
[600566381,[1,-1,0,-1208,16423],1]
[891201491,[1,-1,1,-343,2060],1]
[262711817,[1,0,1,39,777],-1]
[88120463,[1,0,1,-52,469],-1]
[398175461,[0,0,1,-968,11552],1]
[716769541,[1,-1,0,-53,1310],-1]
[325447259,[1,1,1,-549,4798],-1]
[315268487,[1,-1,0,-248,1301],1]
[586271509,[0,1,1,-419,-3233],1]
[60798433,[1,0,1,-2771,55897],1]
[598045051,[0,-1,1,183,-755],-1]
[702377173,[0,0,1,-343,2086],1]
[118429777,[1,-1,0,-2960,62733],-1]
[202292033,[1,0,0,-173,-1126],-1]
[229513451,[0,1,1,153,115],-1]
[933732739,[0,0,1,124,-1371],-1]
[493647769,[1,0,1,-660,6551],-1]
[945862109,[0,-1,1,-2510,49225],1]
[765087989,[0,-1,1,-234,-290],1]
[504952291,[0,0,1,-29912,-1991207],-1]
[500988077,[0,0,1,-407,2971],1]
[203320597,[1,0,0,134,-327],-1]
[417552601,[1,0,1,-2070,36051],1]
[241081397,[1,0,1,120,-537],-1]
[738679261,[1,0,0,-226,7],1]
[91841509,[1,-1,0,94,277],-1]
[9048043,[0,0,1,-22856,1329990],-1]
[222284611,[0,0,1,91,-635],-1]
[159248813,[1,1,1,-15,-614],-1]
[216001673,[1,-1,0,-152,187],1]
[456149761,[1,0,0,-100,1089],-1]
